7.499407631492431392e+00
1.014142266802229386e+01
3.342043298101968674e+01
1.363490846482890717e+01
2.843243328688413740e+01
2.851783519604473938e+01
2.123128261754544965e+01
2.469743579641201237e+01
3.533765528084177276e+01
2.521860844071667529e+01
2.989349335621237813e+01
3.164325352897015264e+01
2.178222940274264730e+01
2.446833537413420245e+01
3.754458859976412555e+01
2.816467822327106418e+01
3.465490201956919236e+01
2.916153580451406313e+01
4.119763708058603413e+01
4.329902467966650192e+01
3.042657879832985302e+01
3.988932882113866185e+01
3.992226174112970227e+01
4.540245198896973022e+01
4.716393501211020123e+01
4.023226529910759552e+01
3.779341558261130274e+01
5.018094452227393276e+01
4.366186077380784525e+01
4.919365136144313055e+01
4.788178179293855408e+01
3.940836062397892192e+01
3.820875033146251099e+01
3.806971878707425105e+01
3.472884708566176926e+01
